18
32
39
48
49
66
129
134
166
197
210
247
251
260
296
309
349
362
366
406
425
458
492
504
569
581
637
639
702
709
727
751
757
787
809
856
863
871
912
931
937
950
956
957
992
993
1036
1039
1057
1060
1077
1083
1105
1116
1117
1122
1134
1150
1159
1200
1280
1283
1300
1303
1319
1327
1360
1363
1372
1374
1376
1406
1417
1420
1447
1454
1513
1515
1531
1548
1580
1588
1648
1657
1659
1665
1674
1678
1696
1713
1728
1754
1798
1808
1814
1822
1828
1830
1835
1850
1857
1901
1902
1929
1938
1959
1987
1994
2004
2011
2023
2065
2068
2083
2106
2113
2136
2139
2180
2187
2225
2239
2288
2323
2324
2343
2359
2385
2392
2404
2421
2430
2438
2440
2444
2445
2448
2470
2478
2499
2520
2570
2598
2643
2650
2671
2679
2696
2718
2731
2749
2750
2785
2787
2789
2805
2825
2838
2856
2903
2925
2931
2933
2961
2986
3034
3077
3080
3089
3121
3147
3160
3176
3182
3187
3211
3225
3234
3267
3290
3317
3325
3364
3369
3390
3399
3400
3411
3424
3475
3479
3499
3504
3519
3532
3553
3578
3588
3590
3598
3606
3622
3634
3685
3694
3720
3750
3755
3784
3801
3806
3807
3834
3872
3886
3895
3925
3937
3962
4091
4148
4163
4164
4196
4260
4307
4309
4318
4325
4328
4329
4344
4347
4369
4371
4402
4405
4407
4412
4421
4437
4455
4473
4483
4486
4545
4563
4575
4576
4591
4631
4636
4654
4684
4714
4718
4729
4735
4747
4764
4800
4814
4864
4866
4869
4875
4891
4918
4933
4943
4968
4980
5009
5011
5038
5079
5083
5101
5163
5167
5173
5174
5189
5196
5197
5213
5229
5241
5279
5290
5317
5331
5353
5358
5379
5385
5386
5399
5436
5456
5466
5510
5530
5542
5543
5560
5583
5603
5618
5624
5678
5687
5697
5712
5725
5757
5775
5785
5799
5804
5822
5832
5836
5880
5895
5902
5990
6031
6033
6077
6090
6113
6131
6176
6203
6229
6230
6248
6261
6304
6317
6319
6321
6335
6353
6360
6377
6395
6404
6433
6474
6476
6528
6627
6628
6633
6650
6657
6670
6673
6676
6679
6686
6724
6759
6804
6830
6833
6834
6842
6871
6875
6885
6896
6934
6939
6948
6950
6970
6978
6987
7010
7017
7024
7040
7107
7136
7149
7251
7274
7305
7331
7373
7409
7423
7436
7438
7442
7444
7479
7487
7492
7506
7513
7528
7530
7546
7567
7581
7597
7599
7632
7635
7642
7662
7752
7758
7769
7778
7780
7831
7836
7837
7849
7893
7895
7896
7927
7948
7968
7997
8003
8010
8049
8059
8060
8094
8142
8143
8151
8153
8161
8208
8212
8215
8235
8241
8249
8250
8276
8282
8285
8286
8289
8299
8314
8338
8345
8373
8379
8397
8407
8410
8432
8510
8534
8546
8569
8661
8674
8691
8696
8706
8720
8729
8749
8758
8803
8809
8815
8830
8875
8906
8919
8954
8968
8999
9014
9034
9057
9063
9088
9098
9112
9113
9122
9157
9179
9226
9264
9272
9281
9297
9303
9322
9354
9374
9381
9385
9400
9403
9419
9422
9442
9449
9454
9470
9482
9496
9500
9535
9539
9541
9554
9560
9565
9574
9594
9605
9610
9632
9696
9710
9712
9734
9742
9753
9770
9789
9801
9812
9850
9852
9882
9891
9928
9980
9984
10007
10029
10042
10052
10070
10092
10123
10131
10138
10151
10164
10170
10184
10200
10211
10219
10222
10228
10259
10276
10293
10299
10342
10411
10469
10492
10504
10508
10530
10573
10651
10672
10738
10795
10813
10852
10884
10885
10892
10901
10914
10919
10933
10935
10966
10968
10970
10981
10986
10996
11005
11032
11038
11055
11060
11155
11159
11176
11187
11215
11222
11228
11257
11265
11274
11289
11297
11337
11339
11341
11347
11353
11371
11381
11386
11426
11431
11448
11449
11474
11480
11500
11507
11582
11588
11594
11612
11636
11666
11683
11693
11695
11698
11706
11716
11723
11732
11745
11794
11808
11812
11828
11837
11840
11841
11854
11855
11861
11862
11875
11886
11890
11912
11938
11963
11967
11980
11985
12026
12029
12039
12067
12115
12124
12138
12150
12187
12205
12242
12277
12305
12314
12333
12334
12350
12355
12356
12370
12372
12396
12397
12405
12416
12429
12439
12440
12442
12446
12474
12482
12507
12522
12537
12563
12576
12586
12606
12630
12631
12635
12657
12662
12669
12718
12724
12732
12736
12767
12787
12803
12843
12870
12903
12914
12920
12924
12936
12972
12977
12998
13004
13069
13074
13098
13154
13176
13227
13237
13267
13301
13307
13354
13365
13373
13379
13381
13422
13433
13445
13466
13476
13490
13535
13543
13558
13586
13605
13637
13643
13674
13679
13704
13718
13727
13772
13796
13803
13817
13827
13848
13855
13861
13899
13907
13936
13954
13965
13975
13978
13980
14030
14044
14057
14058
14060
14110
14117
14131
14172
14173
14176
14197
14200
14207
14213
14257
14275
14287
14299
14308
14347
14362
14365
14386
14400
14428
14436
14458
14462
14487
14509
14532
14548
14551
14571
14596
14611
14621
14639
14669
14671
14676
14687
14718
14747
14779
14844
14855
14870
14880
14891
14946
14959
14960
14986
15007
15010
15016
15055
15056
15112
15158
15165
15174
15196
15203
15207
15213
15217
15253
15307
15308
15321
15327
15363
15372
15374
15385
15392
15452
15464
15528
15562
15571
15605
15610
15622
15651
15660
15709
15731
15736
15741
15811
15926
15940
15959
15965
16032
16070
16100
16129
16136
16140
16149
16152
16186
16272
16290
16319
16324
16327
16338
16352
16372
16391
16423
16468
16470
16481
16493
16500
16516
16577
16589
16643
16649
16665
16677
16704
16720
16726
16734
16774
16777
16797
16798
16799
16803
16807
16809
16830
16863
16889
16915
16927
16939
16949
17010
17013
17021
17062
17093
17102
17117
17160
17167
17221
17277
17282
17307
17333
17344
17365
17374
17387
17397
17401
17404
17417
17432
17436
17444
17467
17469
17501
17502
17513
17531
17547
17550
17555
17578
17586
17602
17627
17645
17648
17649
17652
17667
17682
17721
17731
17751
17754
17762
17770
17781
17823
17848
17858
17945
17971
17986
18003
18011
18042
18052
18103
18123
18153
18173
18226
18276
18277
18314
18319
18327
18342
18362
18364
18383
18398
18421
18447
18467
18486
18492
18505
18510
18515
18536
18548
18550
18563
18574
18616
18622
18639
18673
18712
18745
18758
18773
18826
18842
18851
18862
18872
18908
18913
18919
18925
18930
18974
18975
19011
19016
19028
19057
19098
19106
19133
19162
19166
19173
19198
19213
19225
19239
19274
19279
19285
19316
19327
19335
19366
19377
19428
19431
19437
19444
19475
19476
19481
19486
19507
19562
19589
19634
19651
19685
19697
19712
19714
19724
19734
19744
19754
19779
19798
19807
19850
19863
19875
19903
19904
19963
19985
20012
20018
20040
20042
20054
20078
20079
20083
20089
20122
20138
20155
20199
20222
20234
20238
20254
20285
20299
20302
20305
20337
20345
20364
20394
20403
20451
20506
20508
20527
20536
20557
20566
20584
20618
20682
20690
20699
20707
20711
20765
20771
20778
20834
20851
20865
20872
20894
20895
20933
20937
20938
20955
20966
20970
21013
21018
21020
21205
21210
21253
21301
21339
21349
21365
21376
21410
21413
21435
21455
21470
21474
21495
21501
21539
21546
21553
21556
21569
21579
21593
21632
21643
21732
21738
21744
21755
21773
21782
21829
21876
21893
21926
21931
21958
21967
21970
21973
21982
22002
22044
22051
22099
22121
22149
22166
22177
22185
22205
22210
22233
22234
22244
22246
22251
22280
22299
22317
22321
22363
22365
22378
22383
22387
22393
22395
22423
22437
22444
22480
22510
22530
22536
22561
22588
22607
22666
22717
22729
22745
22769
22774
22782
22836
22843
22858
22864
22886
22889
22897
22925
22928
22945
22948
22950
22956
22988
22993
22997
23030
23039
23047
23081
23097
23105
23111
23113
23133
23145
23161
23172
23176
23199
23200
23202
23205
23212
23227
23231
23236
23264
23265
23266
23269
23290
23315
23323
23361
23381
23386
23390
23401
23415
23418
23467
23527
23537
23553
23557
23559
23585
23596
23604
23605
23617
23630
23643
23673
23680
23690
23707
23714
23720
23725
23733
23746
23750
23751
23784
23809
23818
23831
23924
23959
23975
23987
24002
24026
24046
24071
24077
24079
24121
24150
24169
24181
24194
24200
24223
24258
24274
24300
24318
24378
24392
24468
24490
24504
24505
24516
24594
24595
24597
24606
24622
24623
24657
24664
24682
24753
24758
24766
24778
24833
24886
24909
24929
24980
24996
25012
25017
25059
25104
25121
25127
25133
25150
25210
25255
25258
25264
25272
25284
25292
25334
25350
25368
25380
25389
25391
25413
25422
25440
25444
25446
25460
25472
25486
25495
25499
25528
25530
25547
25559
25591
25597
25601
25672
25712
25721
25732
25760
25775
25828
25833
25901
25908
25947
25987
25989
25996
26008
26025
26092
26183
26190
26201
26204
26237
26239
26251
26252
26256
26263
26268
26282
26331
26358
26377
26434
26497
26567
26625
26633
26643
26651
26677
26687
26715
26732
26733
26779
26828
26830
26870
26882
26892
26914
26927
26953
26963
26967
26973
26976
27030
27038
27044
27048
27052
27067
27111
27121
27142
27153
27209
27229
27240
27280
27302
27349
27362
27386
27401
27426
27456
27470
27474
27476
